start=937.736800
volume=68.000000
sub-delay=-10.491000
