start=4161.657500
pause=yes
volume=74.000000
