start=1054.045038
volume=96.000000
mute=yes
